{
    "camera_angle_x": 1.19929970642513,
    "camera_angle_y": 0.9475390264742196,
    "fl_x": 1053.2122302081673,
    "fl_y": 1053.2122302081673,
    "k1": -0.11486662699536629,
    "k2": 0,
    "p1": 0,
    "p2": 0,
    "cx": 720.0,
    "cy": 540.0,
    "w": 1440.0,
    "h": 1080.0,
    "aabb_scale": 16,
    "frames": [
        {
            "file_path": "/home/lijingwen/Projects/code/data/images/12.png",
            "sharpness": 44.923298611111115,
            "transform_matrix": [
                [
                    0.18654164165892487,
                    -0.8691514708782222,
                    0.45801521437577586,
                    1.7157564311520979
                ],
                [
                    0.9587814104032577,
                    0.059345455930490794,
                    -0.27787825378309944,
                    -1.1831877322654105
                ],
                [
                    0.21433717128042087,
                    0.4909723388673714,
                    0.8443966718769589,
                    3.281007859859715
                ],
                [
                    0.0,
                    0.0,
                    0.0,
                    1.0
                ]
            ]
        },
        {
            "file_path": "/home/lijingwen/Projects/code/data/images/17.png",
            "sharpness": 20.620643004115227,
            "transform_matrix": [
                [
                    0.8386670975300021,
                    -0.4525065851254275,
                    0.3031093696027849,
                    1.6096040135593417
                ],
                [
                    0.5439050444928156,
                    0.6668554768625918,
                    -0.509383034222417,
                    -1.8109195160945877
                ],
                [
                    0.028369034128829927,
                    0.5920655060023322,
                    0.8053903615682734,
                    2.8588677755550984
                ],
                [
                    0.0,
                    0.0,
                    0.0,
                    1.0
                ]
            ]
        },
        {
            "file_path": "/home/lijingwen/Projects/code/data/images/19.png",
            "sharpness": 22.471177983539096,
            "transform_matrix": [
                [
                    0.39308228234890696,
                    -0.8504195428751775,
                    0.3496754500985441,
                    1.3681599457689697
                ],
                [
                    0.9100253381617451,
                    0.30534101826452464,
                    -0.2803939130380455,
                    -0.754256122786116
                ],
                [
                    0.13168220535560174,
                    0.4284313990165239,
                    0.8939274764384988,
                    3.0264270976263896
                ],
                [
                    0.0,
                    0.0,
                    0.0,
                    1.0
                ]
            ]
        },
        {
            "file_path": "/home/lijingwen/Projects/code/data/images/2.png",
            "sharpness": 25.86312371399177,
            "transform_matrix": [
                [
                    -0.9650657806174119,
                    0.12701336199762783,
                    -0.22916292230122293,
                    -0.8575459690768172
                ],
                [
                    -0.25539587605059866,
                    -0.6512789489837594,
                    0.714568874991739,
                    3.0785998570200745
                ],
                [
                    -0.05848919199082402,
                    0.7481332344482446,
                    0.6609657161582153,
                    2.5956436717998823
                ],
                [
                    0.0,
                    0.0,
                    0.0,
                    1.0
                ]
            ]
        },
        {
            "file_path": "/home/lijingwen/Projects/code/data/images/20.png",
            "sharpness": 39.86286393102634,
            "transform_matrix": [
                [
                    0.9949725421081717,
                    0.056685041748353295,
                    0.08256177381246489,
                    0.425883669056946
                ],
                [
                    0.07111005075678047,
                    0.18062507977979944,
                    -0.9809780533915685,
                    -3.4034935702148394
                ],
                [
                    -0.07051950889235749,
                    0.9819171994617095,
                    0.17568611860112288,
                    0.33195775375597003
                ],
                [
                    0.0,
                    0.0,
                    0.0,
                    1.0
                ]
            ]
        },
        {
            "file_path": "/home/lijingwen/Projects/code/data/images/21.png",
            "sharpness": 23.573688271604937,
            "transform_matrix": [
                [
                    0.9972317049513173,
                    0.03798696852708842,
                    0.06392117696258316,
                    0.30811413498961376
                ],
                [
                    0.043937701167920847,
                    0.3924778633228358,
                    -0.9187113829803253,
                    -2.9029382103979917
                ],
                [
                    -0.05998670734610684,
                    0.9189766683793366,
                    0.3897223087256634,
                    1.8387493615144328
                ],
                [
                    0.0,
                    0.0,
                    0.0,
                    1.0
                ]
            ]
        },
        {
            "file_path": "/home/lijingwen/Projects/code/data/images/22.png",
            "sharpness": 19.892254372427985,
            "transform_matrix": [
                [
                    0.9944866341491263,
                    0.05849124058614968,
                    0.08703510369791198,
                    0.3893479442245753
                ],
                [
                    0.07102895338409423,
                    0.23485867244417677,
                    -0.969430911287092,
                    -3.347949460557748
                ],
                [
                    -0.07714416557427643,
                    0.9702680963293593,
                    0.2294092390587701,
                    1.04492005758525
                ],
                [
                    0.0,
                    0.0,
                    0.0,
                    1.0
                ]
            ]
        },
        {
            "file_path": "/home/lijingwen/Projects/code/data/images/23.png",
            "sharpness": 87.36881687242798,
            "transform_matrix": [
                [
                    0.7818163397386616,
                    -0.17274212713098536,
                    0.5991021352275215,
                    2.100226854109615
                ],
                [
                    0.6212084822920314,
                    0.2982620085742969,
                    -0.7246652991344759,
                    -2.2307602341690704
                ],
                [
                    -0.05350918096360928,
                    0.9387224998675422,
                    0.34049498644959486,
                    1.007205867013856
                ],
                [
                    0.0,
                    0.0,
                    0.0,
                    1.0
                ]
            ]
        },
        {
            "file_path": "/home/lijingwen/Projects/code/data/images/24.png",
            "sharpness": 25.367995113168725,
            "transform_matrix": [
                [
                    0.7017204087898931,
                    -0.3246186101734252,
                    0.6342012502503372,
                    1.9781925962038596
                ],
                [
                    0.7113596468872827,
                    0.3685226626021949,
                    -0.5984634491169797,
                    -1.8431514635143034
                ],
                [
                    -0.03944516027594678,
                    0.8710991935937293,
                    0.4895204533555603,
                    1.864147201105363
                ],
                [
                    0.0,
                    0.0,
                    0.0,
                    1.0
                ]
            ]
        },
        {
            "file_path": "/home/lijingwen/Projects/code/data/images/26.png",
            "sharpness": 44.25868055555556,
            "transform_matrix": [
                [
                    0.7196163295004407,
                    -0.4825485338467919,
                    0.4992987590620428,
                    1.5294947088365276
                ],
                [
                    0.6942806779443988,
                    0.48837084340377945,
                    -0.5286475759389704,
                    -1.517469500399598
                ],
                [
                    0.011255156617420459,
                    0.7270769091348998,
                    0.6864637569854889,
                    2.3895980256004843
                ],
                [
                    0.0,
                    0.0,
                    0.0,
                    1.0
                ]
            ]
        },
        {
            "file_path": "/home/lijingwen/Projects/code/data/images/27.png",
            "sharpness": 25.269344738300692,
            "transform_matrix": [
                [
                    -0.8490822470622079,
                    -0.2713843243407644,
                    0.45322167449071754,
                    1.7202744698765255
                ],
                [
                    0.5263267101121926,
                    -0.36125715507147965,
                    0.7697229775264209,
                    2.5173524241563467
                ],
                [
                    -0.045161177442320524,
                    0.8921007882597856,
                    0.44957385560168733,
                    0.9730206872152576
                ],
                [
                    0.0,
                    0.0,
                    0.0,
                    1.0
                ]
            ]
        },
        {
            "file_path": "/home/lijingwen/Projects/code/data/images/28.png",
            "sharpness": 20.91794230085914,
            "transform_matrix": [
                [
                    -0.9985717227422383,
                    -0.03483842521478381,
                    0.04050677314257001,
                    0.6802269339193096
                ],
                [
                    0.051553744780032905,
                    -0.4292645751396605,
                    0.9017062359379158,
                    3.3139870769263955
                ],
                [
                    -0.0140259025031035,
                    0.9025066252723986,
                    0.43044751759148714,
                    1.0024601906484145
                ],
                [
                    0.0,
                    0.0,
                    0.0,
                    1.0
                ]
            ]
        },
        {
            "file_path": "/home/lijingwen/Projects/code/data/images/29.png",
            "sharpness": 15.920233409729327,
            "transform_matrix": [
                [
                    -0.7560518758010324,
                    -0.31010574085440973,
                    0.5763852796430087,
                    2.413963955724463
                ],
                [
                    0.6531689556663582,
                    -0.30110030361709283,
                    0.6947725689140409,
                    2.2610031931883894
                ],
                [
                    -0.04190317950747725,
                    0.9017610751484485,
                    0.4301988922539806,
                    0.8240989935660642
                ],
                [
                    0.0,
                    0.0,
                    0.0,
                    1.0
                ]
            ]
        },
        {
            "file_path": "/home/lijingwen/Projects/code/data/images/30.png",
            "sharpness": 24.65457175925926,
            "transform_matrix": [
                [
                    -0.7095220192760557,
                    -0.4582279419228572,
                    0.5353556363818749,
                    2.1200439085716214
                ],
                [
                    0.6923476920102517,
                    -0.31177167765344105,
                    0.6507327365218681,
                    1.8807495949814852
                ],
                [
                    -0.13127519770224205,
                    0.8323614444797002,
                    0.5384619282866508,
                    1.653272930226086
                ],
                [
                    0.0,
                    0.0,
                    0.0,
                    1.0
                ]
            ]
        },
        {
            "file_path": "/home/lijingwen/Projects/code/data/images/32.png",
            "sharpness": 7.786840277777777,
            "transform_matrix": [
                [
                    0.8716328524933332,
                    -0.24918078360162077,
                    0.4220960880419161,
                    1.44667840269354
                ],
                [
                    0.49015929121511725,
                    0.4434592750845021,
                    -0.7503917247524949,
                    -2.59507876401375
                ],
                [
                    -0.00019922723707375658,
                    0.8609603988727087,
                    0.5086719491811282,
                    1.8267227217511242
                ],
                [
                    0.0,
                    0.0,
                    0.0,
                    1.0
                ]
            ]
        },
        {
            "file_path": "/home/lijingwen/Projects/code/data/images/34.png",
            "sharpness": 88.06764146090535,
            "transform_matrix": [
                [
                    -0.45879361051399953,
                    0.05493077488228272,
                    -0.8868432967129152,
                    -2.971971665756841
                ],
                [
                    -0.888380407697789,
                    -0.04744306426681012,
                    0.4566502018741347,
                    1.824071989570373
                ],
                [
                    -0.016990414081443583,
                    0.9973624043576521,
                    0.07056599893389529,
                    0.3627505675392206
                ],
                [
                    0.0,
                    0.0,
                    0.0,
                    1.0
                ]
            ]
        },
        {
            "file_path": "/home/lijingwen/Projects/code/data/images/35.png",
            "sharpness": 38.741331018518515,
            "transform_matrix": [
                [
                    -0.7140131979980858,
                    0.0654438010388687,
                    -0.6970668992230242,
                    -2.0394538170418057
                ],
                [
                    -0.700131619338187,
                    -0.06541584534539144,
                    0.711010887948024,
                    2.948473248226853
                ],
                [
                    0.0009320346123748612,
                    0.9957097348552929,
                    0.09252705133180038,
                    0.36106868233717787
                ],
                [
                    0.0,
                    0.0,
                    0.0,
                    1.0
                ]
            ]
        },
        {
            "file_path": "/home/lijingwen/Projects/code/data/images/36.png",
            "sharpness": 54.473117283950614,
            "transform_matrix": [
                [
                    -0.6057894856760911,
                    0.057691850856514876,
                    -0.7935305598345398,
                    -2.4930724020076593
                ],
                [
                    -0.7955945539902782,
                    -0.052646430466316244,
                    0.6035376202194593,
                    2.4863693126275574
                ],
                [
                    -0.006957349069229184,
                    0.9969453363681346,
                    0.07779197638593435,
                    0.37068945238003903
                ],
                [
                    0.0,
                    0.0,
                    0.0,
                    1.0
                ]
            ]
        },
        {
            "file_path": "/home/lijingwen/Projects/code/data/images/38.png",
            "sharpness": 36.68375514403292,
            "transform_matrix": [
                [
                    -0.9103947768435267,
                    0.048909563498001254,
                    -0.4108396340383086,
                    -1.1010041113917
                ],
                [
                    -0.4133112961432443,
                    -0.062281120953861284,
                    0.9084573927560519,
                    3.452712563501532
                ],
                [
                    0.01884470159605072,
                    0.996859527001388,
                    0.07691528229551445,
                    0.3474079930476898
                ],
                [
                    0.0,
                    0.0,
                    0.0,
                    1.0
                ]
            ]
        },
        {
            "file_path": "/home/lijingwen/Projects/code/data/images/39.png",
            "sharpness": 24.366150977366257,
            "transform_matrix": [
                [
                    -0.9938541094929086,
                    0.05283516612584145,
                    -0.09727514722057161,
                    -0.19382801547799738
                ],
                [
                    -0.10385938001169834,
                    -0.1409842385335908,
                    0.9845489696651415,
                    3.7429207891555247
                ],
                [
                    0.03830454581214847,
                    0.9886009759795852,
                    0.14560519243698264,
                    0.35358436622563627
                ],
                [
                    0.0,
                    0.0,
                    0.0,
                    1.0
                ]
            ]
        },
        {
            "file_path": "/home/lijingwen/Projects/code/data/images/40.png",
            "sharpness": 28.843274176954733,
            "transform_matrix": [
                [
                    -0.9545353665086196,
                    0.054352774850864115,
                    -0.293100682279209,
                    -0.7281130986693803
                ],
                [
                    -0.2969797277160872,
                    -0.0883150280099718,
                    0.9507909849979009,
                    3.6617779478811188
                ],
                [
                    0.025792933372591982,
                    0.9946085821547419,
                    0.10044148990554086,
                    0.33948620040089195
                ],
                [
                    0.0,
                    0.0,
                    0.0,
                    1.0
                ]
            ]
        },
        {
            "file_path": "/home/lijingwen/Projects/code/data/images/41.png",
            "sharpness": 29.530987654320988,
            "transform_matrix": [
                [
                    -0.9954172058112736,
                    0.03659013927161272,
                    0.08835014479463169,
                    0.29818834679829076
                ],
                [
                    0.08238811738973825,
                    -0.14088474663489073,
                    0.9865919553080695,
                    3.7287448116260227
                ],
                [
                    0.048546724813522485,
                    0.9893496095293799,
                    0.13722450814711565,
                    0.3397017958916185
                ],
                [
                    0.0,
                    0.0,
                    0.0,
                    1.0
                ]
            ]
        },
        {
            "file_path": "/home/lijingwen/Projects/code/data/images/42.png",
            "sharpness": 25.954794238683128,
            "transform_matrix": [
                [
                    -0.984810359830917,
                    0.03333233435713934,
                    0.17040396315307613,
                    0.6848496707417765
                ],
                [
                    0.1656668914580344,
                    -0.11347942760537658,
                    0.979631002257988,
                    3.7552559169231317
                ],
                [
                    0.05199073231418149,
                    0.992981054702911,
                    0.10623365171547032,
                    0.3344196591599867
                ],
                [
                    0.0,
                    0.0,
                    0.0,
                    1.0
                ]
            ]
        },
        {
            "file_path": "/home/lijingwen/Projects/code/data/images/43.png",
            "sharpness": 15.79622170781893,
            "transform_matrix": [
                [
                    -0.9280807148830074,
                    0.013448942845907742,
                    0.3721361479362691,
                    1.475863142115222
                ],
                [
                    0.3675421306391559,
                    -0.12746655215443498,
                    0.9212301885452368,
                    3.6137081942019704
                ],
                [
                    0.05982448386313858,
                    0.9917516846572156,
                    0.11335619573873104,
                    0.28789506782666463
                ],
                [
                    0.0,
                    0.0,
                    0.0,
                    1.0
                ]
            ]
        },
        {
            "file_path": "/home/lijingwen/Projects/code/data/images/44.png",
            "sharpness": 21.55352494855967,
            "transform_matrix": [
                [
                    -0.9667396198399915,
                    0.036354787049711075,
                    0.2531656313413623,
                    1.1426719362070794
                ],
                [
                    0.24985470885429253,
                    -0.077282316768123,
                    0.965194316175914,
                    3.8395555188332655
                ],
                [
                    0.05465466034229178,
                    0.996346211402333,
                    0.06562846279900368,
                    0.3033654646403406
                ],
                [
                    0.0,
                    0.0,
                    0.0,
                    1.0
                ]
            ]
        },
        {
            "file_path": "/home/lijingwen/Projects/code/data/images/45.png",
            "sharpness": 16.0722762345679,
            "transform_matrix": [
                [
                    -0.9066042101395768,
                    -0.0036940329529986777,
                    0.4219658283321147,
                    1.8859240707066656
                ],
                [
                    0.41739745572281006,
                    -0.15484993502772454,
                    0.8954333373166519,
                    3.5130634423495666
                ],
                [
                    0.06203362084588656,
                    0.9879310966584012,
                    0.1419294829919129,
                    0.26725407200384915
                ],
                [
                    0.0,
                    0.0,
                    0.0,
                    1.0
                ]
            ]
        },
        {
            "file_path": "/home/lijingwen/Projects/code/data/images/47.png",
            "sharpness": 19.642656893004116,
            "transform_matrix": [
                [
                    -0.709426247494392,
                    0.018760175437994634,
                    0.7045299533631149,
                    2.693442762275891
                ],
                [
                    0.7013484776209902,
                    -0.07972898748371347,
                    0.7083456793780444,
                    2.9941194900926633
                ],
                [
                    0.06946014904946658,
                    0.99664002747964,
                    0.04340441592375802,
                    0.1810225595531217
                ],
                [
                    0.0,
                    0.0,
                    0.0,
                    1.0
                ]
            ]
        },
        {
            "file_path": "/home/lijingwen/Projects/code/data/images/48.png",
            "sharpness": 9.383428497942386,
            "transform_matrix": [
                [
                    -0.7629190015522758,
                    0.0484620200963406,
                    0.6446751349950859,
                    2.407516688044048
                ],
                [
                    0.6427802408317145,
                    -0.04987150535503699,
                    0.7644255326386921,
                    3.292220786346564
                ],
                [
                    0.0691965249720587,
                    0.9975792026521368,
                    0.0068974901226566505,
                    0.2330938594317167
                ],
                [
                    0.0,
                    0.0,
                    0.0,
                    1.0
                ]
            ]
        },
        {
            "file_path": "/home/lijingwen/Projects/code/data/images/49.png",
            "sharpness": 35.4458912037037,
            "transform_matrix": [
                [
                    -0.6498468173714907,
                    0.034829277580035775,
                    0.7592667748411412,
                    3.0956093618136533
                ],
                [
                    0.7567984499129907,
                    -0.06286692554273467,
                    0.6506180568368056,
                    2.7766877338983984
                ],
                [
                    0.07039332470116287,
                    0.9974139918300337,
                    0.014495128197716317,
                    0.13591101737497735
                ],
                [
                    0.0,
                    0.0,
                    0.0,
                    1.0
                ]
            ]
        },
        {
            "file_path": "/home/lijingwen/Projects/code/data/images/5.png",
            "sharpness": 15.59417438271605,
            "transform_matrix": [
                [
                    -0.8063913974684722,
                    0.4749892024341313,
                    -0.3523040897606828,
                    -0.7962809863849556
                ],
                [
                    -0.5903718598072613,
                    -0.6117667180318964,
                    0.5265002847636451,
                    2.038130853997204
                ],
                [
                    0.03455403359911895,
                    0.6325557210878233,
                    0.7737436775078478,
                    3.188624915522508
                ],
                [
                    0.0,
                    0.0,
                    0.0,
                    1.0
                ]
            ]
        },
        {
            "file_path": "/home/lijingwen/Projects/code/data/images/50.png",
            "sharpness": 40.26747299382716,
            "transform_matrix": [
                [
                    -0.564893779475712,
                    -0.008834663197991463,
                    0.8251163352146749,
                    3.120607549518193
                ],
                [
                    0.8222352581566915,
                    -0.09019471940032257,
                    0.5619555968546787,
                    2.398482278784182
                ],
                [
                    0.06945644789687266,
                    0.9958849638993104,
                    0.058214607506127516,
                    0.13664607571605955
                ],
                [
                    0.0,
                    0.0,
                    0.0,
                    1.0
                ]
            ]
        },
        {
            "file_path": "/home/lijingwen/Projects/code/data/images/51.png",
            "sharpness": 50.10605324074074,
            "transform_matrix": [
                [
                    -0.9270290132260754,
                    0.2528106731374305,
                    -0.27695481975795166,
                    -0.9095890027625526
                ],
                [
                    -0.3736711298376693,
                    -0.5609074225706032,
                    0.7387508037430782,
                    3.3887576532785233
                ],
                [
                    0.031418073856166594,
                    0.7883334490268583,
                    0.614445504323093,
                    2.1965242487434407
                ],
                [
                    0.0,
                    0.0,
                    0.0,
                    1.0
                ]
            ]
        },
        {
            "file_path": "/home/lijingwen/Projects/code/data/images/52.png",
            "sharpness": 28.8166512345679,
            "transform_matrix": [
                [
                    -0.46015457815196514,
                    0.009952001454647846,
                    0.8877830376139799,
                    3.26483459587461
                ],
                [
                    0.8850756962408469,
                    -0.073686408127104,
                    0.4595773331889949,
                    2.0742039529085945
                ],
                [
                    0.06999125752636388,
                    0.9972318040087944,
                    0.025098863430798778,
                    0.10337923587789694
                ],
                [
                    0.0,
                    0.0,
                    0.0,
                    1.0
                ]
            ]
        },
        {
            "file_path": "/home/lijingwen/Projects/code/data/images/54.png",
            "sharpness": 8.054616769547325,
            "transform_matrix": [
                [
                    0.37441849322440496,
                    -0.5106329510682511,
                    0.7739927526903381,
                    3.6862798965721533
                ],
                [
                    0.9258241499471065,
                    0.15943812484531725,
                    -0.34267933658236394,
                    -1.5633982022160655
                ],
                [
                    0.051579407776350214,
                    0.8448866631870607,
                    0.5324529003248544,
                    2.524536612487609
                ],
                [
                    0.0,
                    0.0,
                    0.0,
                    1.0
                ]
            ]
        },
        {
            "file_path": "/home/lijingwen/Projects/code/data/images/55.png",
            "sharpness": 10.548058127572016,
            "transform_matrix": [
                [
                    -0.7610427628886633,
                    0.457691443609023,
                    -0.4597090987832954,
                    -2.295033482036048
                ],
                [
                    -0.6485678636863452,
                    -0.5224476947030928,
                    0.5535414460478603,
                    2.87711687020561
                ],
                [
                    0.013177224645702293,
                    0.7194212595887068,
                    0.6944489988506782,
                    2.5658982533746726
                ],
                [
                    0.0,
                    0.0,
                    0.0,
                    1.0
                ]
            ]
        },
        {
            "file_path": "/home/lijingwen/Projects/code/data/images/57.png",
            "sharpness": 17.997905092592593,
            "transform_matrix": [
                [
                    -0.3919704885429687,
                    0.6351353481421464,
                    -0.6655540741773068,
                    -2.8830500321784656
                ],
                [
                    -0.9199606985751417,
                    -0.27501396575753917,
                    0.2793557440172842,
                    1.7057913665222806
                ],
                [
                    -0.005607957633662505,
                    0.7217827984794266,
                    0.692096917080737,
                    2.778520711462541
                ],
                [
                    0.0,
                    0.0,
                    0.0,
                    1.0
                ]
            ]
        },
        {
            "file_path": "/home/lijingwen/Projects/code/data/images/58.png",
            "sharpness": 36.93988297325103,
            "transform_matrix": [
                [
                    0.35113509413369304,
                    0.6749956388317675,
                    -0.6489106511901982,
                    -2.9194812866773363
                ],
                [
                    -0.9347236313247886,
                    0.21218711414601452,
                    -0.2850760628909198,
                    -1.0809959823385413
                ],
                [
                    -0.05473462077204229,
                    0.7066523304643023,
                    0.7054407169568435,
                    2.975685026810435
                ],
                [
                    0.0,
                    0.0,
                    0.0,
                    1.0
                ]
            ]
        },
        {
            "file_path": "/home/lijingwen/Projects/code/data/images/59.png",
            "sharpness": 15.210066872427983,
            "transform_matrix": [
                [
                    0.6119392298189453,
                    0.5658243830131301,
                    -0.5526057786511803,
                    -2.5701489876751746
                ],
                [
                    -0.7897151534188922,
                    0.3988236348680366,
                    -0.46614341648383717,
                    -2.3043615406485105
                ],
                [
                    -0.043363065736854375,
                    0.7216526005359752,
                    0.690895917394103,
                    3.0073384923167388
                ],
                [
                    0.0,
                    0.0,
                    0.0,
                    1.0
                ]
            ]
        },
        {
            "file_path": "/home/lijingwen/Projects/code/data/images/6.png",
            "sharpness": 11.497088477366255,
            "transform_matrix": [
                [
                    -0.9617495512806351,
                    0.2287371309045909,
                    -0.15072201418274772,
                    0.19933073618092287
                ],
                [
                    -0.269513588268901,
                    -0.6917249850210553,
                    0.6699843064102652,
                    2.3163657343399757
                ],
                [
                    0.04899210499648174,
                    0.6849787369286489,
                    0.7269139588740336,
                    2.7743992709716285
                ],
                [
                    0.0,
                    0.0,
                    0.0,
                    1.0
                ]
            ]
        },
        {
            "file_path": "/home/lijingwen/Projects/code/data/images/60.png",
            "sharpness": 12.399975565843622,
            "transform_matrix": [
                [
                    0.9668068379511007,
                    0.19183290041868645,
                    -0.16877403950317704,
                    -0.5434252531279008
                ],
                [
                    -0.25244675199227035,
                    0.6152207583243734,
                    -0.7468427250334158,
                    -3.9165517721672334
                ],
                [
                    -0.03943571353114317,
                    0.7646591115295323,
                    0.6432272286334199,
                    3.069433529144746
                ],
                [
                    0.0,
                    0.0,
                    0.0,
                    1.0
                ]
            ]
        },
        {
            "file_path": "/home/lijingwen/Projects/code/data/images/61.png",
            "sharpness": 11.963980195473251,
            "transform_matrix": [
                [
                    0.8248799899173486,
                    0.4109149402368901,
                    -0.38822920308284337,
                    -1.763469749768224
                ],
                [
                    -0.5634533695463209,
                    0.542045539977264,
                    -0.6234636580729115,
                    -3.0149738711502025
                ],
                [
                    -0.045752623776920395,
                    0.7330317486183269,
                    0.6786539272245901,
                    3.115887998582747
                ],
                [
                    0.0,
                    0.0,
                    0.0,
                    1.0
                ]
            ]
        },
        {
            "file_path": "/home/lijingwen/Projects/code/data/images/62.png",
            "sharpness": 14.068161008230453,
            "transform_matrix": [
                [
                    0.9952650647880384,
                    -0.05522007624131423,
                    0.07998871167006176,
                    0.7266086065303141
                ],
                [
                    0.09700622617390298,
                    0.615983562389905,
                    -0.7817634187840601,
                    -4.3657469975387455
                ],
                [
                    -0.006102695977577155,
                    0.7858212227006615,
                    0.6184236113355607,
                    3.0826776697257374
                ],
                [
                    0.0,
                    0.0,
                    0.0,
                    1.0
                ]
            ]
        },
        {
            "file_path": "/home/lijingwen/Projects/code/data/images/63.png",
            "sharpness": 35.77757073045267,
            "transform_matrix": [
                [
                    0.9076275135817525,
                    -0.23697357497052451,
                    0.3464907233352234,
                    1.891203611083257
                ],
                [
                    0.419635301969147,
                    0.5336103504998128,
                    -0.7342793795148628,
                    -3.055939708350541
                ],
                [
                    -0.01088622673306653,
                    0.8118519068197116,
                    0.5837619133370971,
                    2.3897661282485996
                ],
                [
                    0.0,
                    0.0,
                    0.0,
                    1.0
                ]
            ]
        },
        {
            "file_path": "/home/lijingwen/Projects/code/data/images/64.png",
