{
  "camera_angle_x": 1.2362195669903155,
  "camera_angle_y": 0.9767489765865227,
  "fl_x": 1005.5420794547935,
  "fl_y": 1007.9013840044224,
  "k1": 0,
  "k2": 0,
  "p1": 0,
  "p2": 0,
  "cx": 715.0,
  "cy": 535.5,
  "w": 1430.0,
  "h": 1071.0,
  "aabb_scale": 16,
  "frames": [
    {
      "file_path": "/home/lijingwen/Projects/code/data/images/1.jpeg",
      "sharpness": 22.888211678623303,
      "transform_matrix": [
        [
          -0.9901681000450396,
          -0.12300692866317202,
          0.06660652483468858,
          0.36828035135319664
        ],
        [
          0.1321633361538069,
          -0.6666732404442616,
          0.7335391216917059,
          3.315365041431855
        ],
        [
          -0.04582560666730468,
          0.735129978965948,
          0.6763755819037227,
          2.6684000897576254
        ],
        [
          0.0,
          0.0,
          0.0,
          1.0
        ]
      ]
    },
    {
      "file_path": "/home/lijingwen/Projects/code/data/images/2.jpeg",
      "sharpness": 25.440379211218442,
      "transform_matrix": [
        [
          -0.8562889469135694,
          0.29697426619826706,
          -0.4225819738301147,
          -1.8100847530962807
        ],
        [
          -0.512835467589629,
          -0.5861065674314577,
          0.6272789449645482,
          2.7580414742134445
        ],
        [
          -0.061392365757508886,
          0.7538470513488633,
          0.6541755120728852,
          2.64771788307624
        ],
        [
          0.0,
          0.0,
          0.0,
          1.0
        ]
      ]
    },
    {
      "file_path": "/home/lijingwen/Projects/code/data/images/3.jpeg",
      "sharpness": 21.182237881475846,
      "transform_matrix": [
        [
          -0.8608487255472345,
          -0.4150778701388504,
          0.2943634376773083,
          1.5045016856456594
        ],
        [
          0.5047887036313385,
          -0.6235371909962788,
          0.5969838658880643,
          2.8835430978773275
        ],
        [
          -0.06424824049875781,
          0.6625041382235941,
          0.7462978161738965,
          2.552305579748701
        ],
        [
          0.0,
          0.0,
          0.0,
          1.0
        ]
      ]
    },
    {
      "file_path": "/home/lijingwen/Projects/code/data/images/4.jpeg",
      "sharpness": 32.94270477584,
      "transform_matrix": [
        [
          -0.6995791771097355,
          -0.6479872438394465,
          0.30116690849482036,
          1.8530842393082312
        ],
        [
          0.6914698760021935,
          -0.5076434338936463,
          0.5139723286385894,
          2.2533960772150836
        ],
        [
          -0.18016210904081806,
          0.5678121835990365,
          0.8032004348971425,
          2.6880843527509666
        ],
        [
          0.0,
          0.0,
          0.0,
          1.0
        ]
      ]
    },
    {
      "file_path": "/home/lijingwen/Projects/code/data/images/5.jpeg",
      "sharpness": 10.73152138890683,
      "transform_matrix": [
        [
          -0.6206643290152909,
          0.6333982760782052,
          -0.4621497750141838,
          -1.6142099297938686
        ],
        [
          -0.7826058994196784,
          -0.464367437301573,
          0.41459726164976185,
          1.954122048461493
        ],
        [
          0.04799788412286858,
          0.6190068715550044,
          0.7839175314303888,
          3.68171110690759
        ],
        [
          0.0,
          0.0,
          0.0,
          1.0
        ]
      ]
    },
    {
      "file_path": "/home/lijingwen/Projects/code/data/images/6.jpeg",
      "sharpness": 7.605062901857551,
      "transform_matrix": [
        [
          -0.8567310848267302,
          0.4111548215646161,
          -0.31138972525163255,
          -0.6070516982919396
        ],
        [
          -0.5124822790689955,
          -0.610629342356489,
          0.6037331528858799,
          2.493315838420632
        ],
        [
          0.05808409360046493,
          0.6768186750934077,
          0.7338546989097485,
          3.1045490273430434
        ],
        [
          0.0,
          0.0,
          0.0,
          1.0
        ]
      ]
    },
    {
      "file_path": "/home/lijingwen/Projects/code/data/images/7.jpeg",
      "sharpness": 38.70105512627404,
      "transform_matrix": [
        [
          -0.03130486231491186,
          0.841768904750249,
          -0.538929602626832,
          -1.5960639250871318
        ],
        [
          -0.9988244891042407,
          -0.006381640952228695,
          0.04805116673302561,
          0.6896709075072865
        ],
        [
          0.03700872277033885,
          0.5398003201655456,
          0.8409791726223567,
          3.648286991679484
        ],
        [
          0.0,
          0.0,
          0.0,
          1.0
        ]
      ]
    },
    {
      "file_path": "/home/lijingwen/Projects/code/data/images/8.jpeg",
      "sharpness": 11.69557101526871,
      "transform_matrix": [
        [
          0.6296033041117972,
          0.663418611263475,
          -0.40432094390131995,
          -1.180717476515905
        ],
        [
          -0.7766684341521198,
          0.5506114392148501,
          -0.3059627206007966,
          -0.7262583458302788
        ],
        [
          0.01964237362683738,
          0.5066584542200419,
          0.8619230754087991,
          3.739456372113977
        ],
        [
          0.0,
          0.0,
          0.0,
          1.0
        ]
      ]
    },
    {
      "file_path": "/home/lijingwen/Projects/code/data/images/9.jpeg",
      "sharpness": 16.0870820549335,
      "transform_matrix": [
        [
          0.7619940030714693,
          -0.5969308312704047,
          0.25107513209883187,
          0.7367956413338762
        ],
        [
          0.6410459914163926,
          0.640346118983116,
          -0.4231038699802108,
          -1.8271125113398592
        ],
        [
          0.09178875840835228,
          0.4833533185775488,
          0.870600019093972,
          3.3318780435194637
        ],
        [
          0.0,
          0.0,
          0.0,
          1.0
        ]
      ]
    },
    {
      "file_path": "/home/lijingwen/Projects/code/data/images/10.jpeg",
      "sharpness": 13.199830235108998,
      "transform_matrix": [
        [
          0.9830011330202693,
          0.15007679906173865,
          -0.10576259670012846,
          -0.6027772084928652
        ],
        [
          -0.18307562889163048,
          0.8447110784364863,
          -0.5029378769516153,
          -2.1151658777469717
        ],
        [
          0.013859530417003729,
          0.5137510567863346,
          0.8578273515481103,
          3.693887715798935
        ],
        [
          0.0,
          0.0,
          0.0,
          1.0
        ]
      ]
    },
    {
      "file_path": "/home/lijingwen/Projects/code/data/images/11.jpeg",
      "sharpness": 11.376766035458408,
      "transform_matrix": [
        [
          0.3158732464275867,
          -0.8029226514778062,
          0.5055089592990923,
          2.0537325298758433
        ],
        [
          0.9396009523676949,
          0.1906987660429209,
          -0.2842253172034884,
          -1.2020790594885915
        ],
        [
          0.1318110105441674,
          0.5647558732498059,
          0.8146635263258538,
          3.443376541254646
        ],
        [
          0.0,
          0.0,
          0.0,
          1.0
        ]
      ]
    },
    {
      "file_path": "/home/lijingwen/Projects/code/data/images/12.jpeg",
      "sharpness": 16.94466443655686,
      "transform_matrix": [
        [
          -0.10457101375824215,
          -0.8509126296720585,
          0.5147937448558021,
          1.9642070474187052
        ],
        [
          0.9719987064740153,
          -0.19697442140044358,
          -0.12813895553966917,
          -0.6825756940639711
        ],
        [
          0.21043625565523,
          0.48697923361804835,
          0.8476837902939313,
          3.401563418906887
        ],
        [
          0.0,
          0.0,
          0.0,
          1.0
        ]
      ]
    },
    {
      "file_path": "/home/lijingwen/Projects/code/data/images/13.jpeg",
      "sharpness": 9.860481216447237,
      "transform_matrix": [
        [
          -0.9998480802498261,
          -0.007772584435574811,
          0.01560138931102351,
          0.5496657296930313
        ],
        [
          0.013386403780567423,
          -0.9156683433606526,
          0.4017116990591358,
          1.601085618246004
        ],
        [
          0.01116336020485426,
          0.4018595176150279,
          0.9156332822083602,
          3.59770896106072
        ],
        [
          0.0,
          0.0,
          0.0,
          1.0
        ]
      ]
    },
    {
      "file_path": "/home/lijingwen/Projects/code/data/images/14.jpeg",
      "sharpness": 4.941657688664938,
      "transform_matrix": [
        [
          -0.7612675990510481,
          -0.6046572928705206,
          0.23422468018987738,
          0.9368072386645042
        ],
        [
          0.6366212926047404,
          -0.6282890398129509,
          0.4471758180550299,
          1.9856410947884278
        ],
        [
          -0.1232273201653215,
          0.48953288002685286,
          0.8632337962186079,
          3.4402400421559207
        ],
        [
          0.0,
          0.0,
          0.0,
          1.0
        ]
      ]
    },
    {
      "file_path": "/home/lijingwen/Projects/code/data/images/15.jpeg",
      "sharpness": 12.0442563791057,
      "transform_matrix": [
        [
          -0.9825625727175982,
          0.18206791949299217,
          -0.03771025566834895,
          0.13527953187592193
        ],
        [
          -0.18569045811140625,
          -0.9712299599058549,
          0.14910204139327757,
          0.5140078891636175
        ],
        [
          -0.009478631632178264,
          0.153504520039379,
          0.9881024834835512,
          3.733159809490285
        ],
        [
          0.0,
          0.0,
          0.0,
          1.0
        ]
      ]
    },
    {
      "file_path": "/home/lijingwen/Projects/code/data/images/16.jpeg",
      "sharpness": 24.40300679521062,
      "transform_matrix": [
        [
          0.15347012276055114,
          0.9295983455679052,
          -0.3351027265388628,
          -0.883820421547397
        ],
        [
          -0.988073334354455,
          0.14005039148134596,
          -0.06400760723216477,
          -0.03443467905536193
        ],
        [
          -0.012570097748546526,
          0.3409293237020526,
          0.9400048876889704,
          3.279523979941311
        ],
        [
          0.0,
          0.0,
          0.0,
          1.0
        ]
      ]
    },
    {
      "file_path": "/home/lijingwen/Projects/code/data/images/17.jpeg",
      "sharpness": 20.79276595469113,
      "transform_matrix": [
        [
          0.6415786997441698,
          -0.6283979416770541,
          0.4398781637307386,
          2.021672502699808
        ],
        [
          0.7666408245465768,
          0.5064237349162212,
          -0.3947110928920617,
          -1.3153473791194799
        ],
        [
          0.025270895745862474,
          0.5904667878948568,
          0.806666197517804,
          2.9068772998300334
        ],
        [
          0.0,
          0.0,
          0.0,
          1.0
        ]
      ]
    },
    {
      "file_path": "/home/lijingwen/Projects/code/data/images/18.jpeg",
      "sharpness": 25.76967652611101,
      "transform_matrix": [
        [
          0.9956377375414579,
          0.09329501864993017,
          -0.0012389814126593237,
          0.10990098767343587
        ],
        [
          -0.08234959188805228,
          0.8724311770025689,
          -0.4817492979857676,
          -1.5932663568369902
        ],
        [
          -0.043863883728042355,
          0.47974981072242445,
          0.876308209942479,
          3.034287306714405
        ],
        [
          0.0,
          0.0,
          0.0,
          1.0
        ]
      ]
    },
    {
      "file_path": "/home/lijingwen/Projects/code/data/images/19.jpeg",
      "sharpness": 11.563306619048868,
      "transform_matrix": [
        [
          0.10548878864122396,
          -0.9050691056334769,
          0.41197333590334445,
          1.4647938440963837
        ],
        [
          0.9865158937026097,
          0.04311518081435823,
          -0.15788436482274648,
          -0.3534599413820184
        ],
        [
          0.12513395599546573,
          0.423073274040874,
          0.8974132258027854,
          3.085495423837602
        ],
        [
          0.0,
          0.0,
          0.0,
          1.0
        ]
      ]
    },
    {
      "file_path": "/home/lijingwen/Projects/code/data/images/20.jpeg",
      "sharpness": 35.64005273273207,
      "transform_matrix": [
        [
          0.9331170644427588,
          0.0008006634958812592,
          0.3595718328515167,
          1.3274883269371824
        ],
        [
          0.352778819454703,
          0.1914339137108715,
          -0.9159149312165843,
          -3.2234166807250326
        ],
        [
          -0.06956758287371485,
          0.9815051785986327,
          0.1783477944738194,
          0.3554706308710755
        ],
        [
          0.0,
          0.0,
          0.0,
          1.0
        ]
      ]
    },
    {
      "file_path": "/home/lijingwen/Projects/code/data/images/21.jpeg",
      "sharpness": 14.340595340039046,
      "transform_matrix": [
        [
          0.9433462846075152,
          -0.07801184870833679,
          0.32250881968530587,
          1.0312400277058644
        ],
        [
          0.32669904292113394,
          0.38831154348734725,
          -0.8616738829446352,
          -2.68607239349815
        ],
        [
          -0.05801312496808172,
          0.9182201787439664,
          0.39179864812852055,
          1.8306678477539697
        ],
        [
          0.0,
          0.0,
          0.0,
          1.0
        ]
      ]
    },
    {
      "file_path": "/home/lijingwen/Projects/code/data/images/22.jpeg",
      "sharpness": 16.50436097746724,
      "transform_matrix": [
        [
          0.9339488497230457,
          -0.012565914358741796,
          0.3571857274497868,
          1.24914098912829
        ],
        [
          0.3489451283524792,
          0.24823352827329043,
          -0.90366886238271,
          -3.1414800729474783
        ],
        [
          -0.07731004784035972,
          0.9686187140635049,
          0.2362222327923102,
          1.0739165375700104
        ],
        [
          0.0,
          0.0,
          0.0,
          1.0
        ]
      ]
    },
    {
      "file_path": "/home/lijingwen/Projects/code/data/images/23.jpeg",
      "sharpness": 41.78464399699505,
      "transform_matrix": [
        [
          0.567563283115833,
          -0.2576708643475509,
          0.781970360897181,
          2.5717743012766148
        ],
        [
          0.8215073334486115,
          0.24039089918999498,
          -0.5170473060337646,
          -1.55984523565746
        ],
        [
          -0.05475053194170545,
          0.935851452555212,
          0.34811555265299626,
          1.0319646953403878
        ],
        [
          0.0,
          0.0,
          0.0,
          1.0
        ]
      ]
    },
    {
      "file_path": "/home/lijingwen/Projects/code/data/images/24.jpeg",
      "sharpness": 13.780495755440503,
      "transform_matrix": [
        [
          0.46765798253713203,
          -0.42215136604344033,
          0.7765849828019221,
          2.393544118809731
        ],
        [
          0.8829300524034819,
          0.2644527919327733,
          -0.3879423196839218,
          -1.2585162304712336
        ],
        [
          -0.04159968667440441,
          0.867094542125216,
          0.4964035868945289,
          1.9189604050387132
        ],
        [
          0.0,
          0.0,
          0.0,
          1.0
        ]
      ]
    },
    {
      "file_path": "/home/lijingwen/Projects/code/data/images/25.jpeg",
      "sharpness": 38.11240065434099,
      "transform_matrix": [
        [
          -0.43287515126847326,
          0.24499146281026254,
          -0.8675242282270212,
          -2.53923523050747
        ],
        [
          -0.9012610169384404,
          -0.0977128150381506,
          0.42211465874144194,
          1.695382967631349
        ],
        [
          0.018646253264859407,
          0.9645887149059627,
          0.2630987045041212,
          0.7778491785888669
        ],
        [
          0.0,
          0.0,
          0.0,
          1.0
        ]
      ]
    },
    {
      "file_path": "/home/lijingwen/Projects/code/data/images/26.jpeg",
      "sharpness": 19.348708020414552,
      "transform_matrix": [
        [
          0.48476387787098507,
          -0.6090680537648963,
          0.6277261254647847,
          1.8620731643978379
        ],
        [
          0.8745959759187565,
          0.32994798246174567,
          -0.35526920465491746,
          -1.063468297046944
        ],
        [
          0.009266154406138918,
          0.7212284206472315,
          0.6926353323573107,
          2.4548935536102823
        ],
        [
          0.0,
          0.0,
          0.0,
          1.0
        ]
      ]
    },
    {
      "file_path": "/home/lijingwen/Projects/code/data/images/27.jpeg",
      "sharpness": 38.759934219412436,
      "transform_matrix": [
        [
          -0.9581401470530707,
          -0.1826262445632065,
          0.22048835206959225,
          0.9060192942438238
        ],
        [
          0.27787661919009016,
          -0.40777034794972616,
          0.8697746419851757,
          2.892387952443281
        ],
        [
          -0.06893506443978069,
          0.8946345612186009,
          0.4414487045630389,
          0.9778386569566696
        ],
        [
          0.0,
          0.0,
          0.0,
          1.0
        ]
      ]
    },
    {
      "file_path": "/home/lijingwen/Projects/code/data/images/28.jpeg",
      "sharpness": 25.113452488143928,
      "transform_matrix": [
        [
          -0.9734482987810686,
          0.07040062855456548,
          -0.21781221521271438,
          -0.36106420439831627
        ],
        [
          -0.22733726430460413,
          -0.4085756858915412,
          0.8839590924679438,
          3.4151835042146206
        ],
        [
          -0.02676149949982422,
          0.9100053078935618,
          0.4137319926553486,
          0.9910876575215716
        ],
        [
          0.0,
          0.0,
          0.0,
          1.0
        ]
      ]
    },
    {
      "file_path": "/home/lijingwen/Projects/code/data/images/29.jpeg",
      "sharpness": 29.868919492599822,
      "transform_matrix": [
        [
          -0.9040515367273532,
          -0.23464915550412774,
          0.3572542410645607,
          1.6299046066333418
        ],
        [
          0.4223453741284727,
          -0.36195633660810334,
          0.8310306825512025,
          2.792862714978436
        ],
        [
          -0.065690211525222,
          0.9021792417293917,
          0.42633016770908,
          0.8274292056219384
        ],
        [
          0.0,
          0.0,
          0.0,
          1.0
        ]
      ]
    },
    {
      "file_path": "/home/lijingwen/Projects/code/data/images/30.jpeg",
      "sharpness": 19.765445995696023,
      "transform_matrix": [
        [
          -0.8581631535865673,
          -0.38111057925305003,
          0.3439632657774191,
          1.535446170605452
        ],
        [
          0.4906649799245372,
          -0.4118013993189441,
          0.7678980954492651,
          2.4631590938281227
        ],
        [
          -0.15100953380252835,
          0.8277525801213163,
          0.5403904022091327,
          1.7635359274008628
        ],
        [
          0.0,
          0.0,
          0.0,
          1.0
        ]
      ]
    },
    {
      "file_path": "/home/lijingwen/Projects/code/data/images/31.jpeg",
      "sharpness": 28.299259479540847,
      "transform_matrix": [
        [
          0.9766429160328074,
          -0.19613273553569502,
          0.0877528609831291,
          0.2768618776228151
        ],
        [
          0.20689607381599953,
          0.968621495554194,
          -0.13771860074033962,
          -0.07240969578950446
        ],
        [
          -0.057988181547286646,
          0.15265761822253401,
          0.9865764148792341,
          3.333578917025275
        ],
        [
          0.0,
          0.0,
          0.0,
          1.0
        ]
      ]
    },
    {
      "file_path": "/home/lijingwen/Projects/code/data/images/32.jpeg",
      "sharpness": 8.328927217023203,
      "transform_matrix": [
        [
          0.6932627377312272,
          -0.37039981275142964,
          0.6182157836739646,
          2.0407617465356584
        ],
        [
          0.7206848457714861,
          0.3558775719672166,
          -0.5949491632450993,
          -2.095856543848192
        ],
        [
          0.0003599266169040179,
          0.8579948324327701,
          0.5136581917656856,
          1.836049794227489
        ],
        [
          0.0,
          0.0,
          0.0,
          1.0
        ]
      ]
    },
    {
      "file_path": "/home/lijingwen/Projects/code/data/images/33.jpeg",
      "sharpness": 10.4543508291743,
      "transform_matrix": [
        [
          0.19974880728110309,
          0.9786940914810741,
          -0.047521461323448345,
          -0.054174852501473504
        ],
        [
          -0.9798470050803089,
          0.19948845486837952,
          -0.010207987527937471,
          0.12979435393588348
        ],
        [
          -0.000510514187002677,
          0.048602794888266763,
          0.998818055353834,
          3.4234467605563244
        ],
        [
          0.0,
          0.0,
          0.0,
          1.0
        ]
      ]
    },
    {
      "file_path": "/home/lijingwen/Projects/code/data/images/34.jpeg",
      "sharpness": 33.339398289589205,
      "transform_matrix": [
        [
          -0.19451204198864808,
          0.05755889815439178,
          -0.9792099053630753,
          -3.4167273947078245
        ],
        [
          -0.9808333680230839,
          -0.023060060158126453,
          0.19347903710219477,
          0.8777933757002823
        ],
        [
          -0.0114441991335308,
          0.9980757520675763,
          0.060941147326208055,
          0.3343362004874941
        ],
        [
          0.0,
          0.0,
          0.0,
          1.0
        ]
      ]
    },
    {
      "file_path": "/home/lijingwen/Projects/code/data/images/35.jpeg",
      "sharpness": 21.278425418339676,
      "transform_matrix": [
        [
          -0.4833144996193307,
          0.07683867966482197,
          -0.872068180684049,
          -2.8149607317870204
        ],
        [
          -0.8754464634181651,
          -0.041551227817278956,
          0.48152568483467156,
          2.1668665863102334
        ],
        [
          0.0007642941995924632,
          0.9961773500590897,
          0.08735046124736669,
          0.343755354988732
        ],
        [
          0.0,
          0.0,
          0.0,
          1.0
        ]
      ]
    },
    {
      "file_path": "/home/lijingwen/Projects/code/data/images/36.jpeg",
      "sharpness": 25.12121705947709,
      "transform_matrix": [
        [
          -0.35795265699504053,
          0.06280547325728217,
          -0.9316251219646365,
          -3.1235544866926372
        ],
        [
          -0.9337263014882301,
          -0.029428582578946375,
          0.35677605361977455,
          1.6255393360577197
        ],
        [
          -0.005008917939901866,
          0.9975918158509653,
          0.06917716158347188,
          0.3439760063841671
        ],
        [
          0.0,
          0.0,
          0.0,
          1.0
        ]
      ]
    },
    {
      "file_path": "/home/lijingwen/Projects/code/data/images/37.jpeg",
      "sharpness": 23.721540473945904,
      "transform_matrix": [
        [
          -0.634796021774589,
          0.08772169024291226,
          -0.7676841250127465,
          -2.497175999662698
        ],
        [
          -0.7726428421245604,
          -0.062352425632462176,
          0.6317714883812225,
          2.6159968918972956
        ],
        [
          0.007553095494002197,
          0.9941916716987665,
          0.10735860780473702,
          0.34275870465941366
        ],
        [
          0.0,
          0.0,
          0.0,
          1.0
        ]
      ]
    },
    {
      "file_path": "/home/lijingwen/Projects/code/data/images/38.jpeg",
      "sharpness": 21.99783028224347,
      "transform_matrix": [
        [
          -0.7540169179278552,
          0.05905005086144279,
          -0.654195367583984,
          -2.1128385724744616
        ],
        [
          -0.6566840350703342,
          -0.04504542713917116,
          0.7528193591942155,
          2.9523262973333924
        ],
        [
          0.014985511684609576,
          0.9972381866854166,
          0.07274223980902234,
          0.33977536776346684
        ],
        [
          0.0,
          0.0,
          0.0,
          1.0
        ]
      ]
    },
    {
      "file_path": "/home/lijingwen/Projects/code/data/images/39.jpeg",
      "sharpness": 18.080559866316076,
      "transform_matrix": [
        [
          -0.9234433688292221,
          0.07757841021725653,
          -0.3758110360673359,
          -1.3504594356881645
        ],
        [
          -0.38255580154400803,
          -0.10940668163970128,
          0.9174318703411203,
          3.565204745243713
        ],
        [
          0.03005666760400302,
          0.9909650691509225,
          0.13070894556896445,
          0.3189424123908003
        ],
        [
          0.0,
          0.0,
          0.0,
          1.0
        ]
      ]
    },
    {
      "file_path": "/home/lijingwen/Projects/code/data/images/40.jpeg",
      "sharpness": 19.848768698608747,
      "transform_matrix": [
        [
          -0.829903696024293,
          0.07074318494517116,
          -0.55340334034548,
          -1.8185005809619728
        ],
        [
          -0.5575308581741647,
          -0.06875959111990271,
          0.8273037294806538,
          3.2679927594177154
        ],
        [
          0.020474313333936213,
          0.9951218620899418,
          0.09650534741998139,
          0.33383934458507786
        ],
        [
          0.0,
          0.0,
          0.0,
          1.0
        ]
      ]
    },
    {
      "file_path": "/home/lijingwen/Projects/code/data/images/41.jpeg",
      "sharpness": 17.65909572914823,
      "transform_matrix": [
        [
          -0.9782899904186644,
          0.06116920135141117,
          -0.19800763482548925,
          -0.8629408291447573
        ],
        [
          -0.20386405192971185,
          -0.11227689363714649,
          0.9725396380024767,
          3.719518766900905
        ],
        [
          0.03725779078455765,
          0.9917924318917576,
          0.12230956244132456,
          0.30603519376748
        ],
        [
          0.0,
          0.0,
          0.0,
          1.0
        ]
      ]
    },
    {
      "file_path": "/home/lijingwen/Projects/code/data/images/42.jpeg",
      "sharpness": 15.916997980004552,
      "transform_matrix": [
        [
          -0.992058964637778,
          0.050112974197851254,
          -0.11535900699715583,
          -0.4846866429678701
        ],
        [
          -0.1193584367246234,
          -0.08592610274158381,
          0.9891260124222253,
          3.8532302960861533
        ],
        [
          0.039655696451533815,
          0.9950403985171727,
          0.09122516678105191,
          0.2964420037020851
        ],
        [
          0.0,
          0.0,
          0.0,
          1.0
        ]
      ]
    },
    {
      "file_path": "/home/lijingwen/Projects/code/data/images/43.jpeg",
      "sharpness": 12.779893618610119,
      "transform_matrix": [
        [
          -0.9945486808765857,
          0.03196568355725615,
          0.09925279057973728,
          0.3497427880973511
        ],
        [
          0.09529155823354112,
          -0.10784889825999397,
          0.9895898817558337,
          3.882706128515792
        ],
        [
          0.042337221124924114,
          0.9936532645824515,
          0.10421491970229887,
          0.2646829225469662
        ],
        [
          0.0,
          0.0,
          0.0,
          1.0
        ]
      ]
    },
    {
      "file_path": "/home/lijingwen/Projects/code/data/images/44.jpeg",
      "sharpness": 14.614425651476324,
      "transform_matrix": [
        [
          -0.9986133341545335,
          0.04265437695537765,
          -0.030854707449896213,
          -0.05377816067792433
        ],
        [
          -0.03330154644022927,
          -0.057896990702431726,
          0.9977669795459696,
          3.955497808447557
        ],
        [
          0.04077273414882951,
          0.9974109196267418,
          0.05923716363792794,
          0.28691240887326547
        ],
        [
          0.0,
          0.0,
          0.0,
          1.0
        ]
      ]
    },
    {
      "file_path": "/home/lijingwen/Projects/code/data/images/45.jpeg",
      "sharpness": 16.395236780636342,
      "transform_matrix": [
        [
          -0.9867169683891026,
          0.021529989913048633,
          0.1610157874988252,
          0.7991100064262362
        ],
        [
          0.15659863529226747,
          -0.13753771763949782,
          0.9780389785949803,
          3.888314778121129
        ],
        [
          0.04320291326023312,
          0.99026250850844,
          0.13233923275016204,
          0.24454489700490262
        ],
        [
          0.0,
          0.0,
          0.0,
          1.0
        ]
      ]
    },
    {
      "file_path": "/home/lijingwen/Projects/code/data/images/46.jpeg",
      "sharpness": 18.71779135293053,
      "transform_matrix": [
        [
          -0.9570896573100837,
          0.01980925164726369,
          0.28911413216193116,
          1.1635593677007587
        ],
        [
          0.28614869977165375,
          -0.09309881130757094,
          0.9536516832429464,
          3.8278633001129907
        ],
        [
          0.045807308213691895,
          0.9954597957119231,
          0.08343551780802522,
          0.2386133559430854
        ],
        [
          0.0,
          0.0,
          0.0,
          1.0
        ]
      ]
    },
    {
      "file_path": "/home/lijingwen/Projects/code/data/images/47.jpeg",
      "sharpness": 18.574816164719916,
      "transform_matrix": [
        [
          -0.8747434878115526,
          0.01695718491326288,
          0.48428946344887747,
          1.6845637914574592
        ],
        [
          0.48216546348085515,
          -0.06931252139692268,
          0.8733339797602571,
          3.5245576418257367
        ],
        [
          0.048376609583435,
          0.9974508650825542,
          0.05245450779272306,
          0.21353166824894693
        ],
        [
          0.0,
          0.0,
          0.0,
          1.0
        ]
      ]
    },
    {
      "file_path": "/home/lijingwen/Projects/code/data/images/48.jpeg",
      "sharpness": 14.62306777000131,
      "transform_matrix": [
        [
          -0.9111147537193124,
          0.041064725846620354,
          0.4101019310398861,
          1.3400630228734354
        ],
        [
          0.40925682167567634,
          -0.02760639544243158,
          0.9120015026536941,
          3.7760198283693764
        ],
        [
          0.048772527758171674,
          0.9987750373424042,
          0.008346575001638148,
          0.23855526988870937
        ],
        [
          0.0,
          0.0,
          0.0,
          1.0
        ]
      ]
    },
    {
      "file_path": "/home/lijingwen/Projects/code/data/images/49.jpeg",
      "sharpness": 20.351380568129073,
      "transform_matrix": [
        [
          -0.8322481012626916,
          0.02300720242740017,
          0.5539257771377079,
          2.0622220586588442
        ],
        [
          0.552413414518515,
          -0.05016488998700388,
          0.8320594349399463,
          3.3191608880199537
        ],
        [
          0.04693098552237032,
          0.998475914804942,
          0.029040147190296982,
          0.19032080318699354
        ],
        [
          0.0,
          0.0,
          0.0,
          1.0
        ]
      ]
    },
    {
      "file_path": "/home/lijingwen/Projects/code/data/images/50.jpeg",
      "sharpness": 20.485231063451568,
      "transform_matrix": [
        [
          -0.768670567172651,
          -0.008023951118262006,
          0.6395945398199016,
          2.2494781209583947
        ],
        [
          0.6379083833764868,
          -0.0832458604595913,
          0.7655997786927157,
          3.071373258349805
        ],
        [
          0.04710046261218149,
          0.9964967350279273,
          0.06910718846039186,
          0.17395705625791014
        ],
        [
          0.0,
          0.0,
          0.0,
          1.0
        ]
      ]
    },
    {
      "file_path": "/home/lijingwen/Projects/code/data/images/51.jpeg",
      "sharpness": 43.44708230149512,
      "transform_matrix": [
        [
          -0.7882162970505107,
          0.39221591006802914,
          -0.47421698509226057,
          -1.9102464202443246
        ],
        [
          -0.6147992792895584,
          -0.46787843527894285,
          0.6349107149717693,
          2.987272214112161
        ],
        [
          0.02714618291693084,
          0.7919952333743294,
          0.6099234665610781,
          2.2124018925203415
        ],
        [
          0.0,
          0.0,
          0.0,
          1.0
        ]
      ]
    },
    {
      "file_path": "/home/lijingwen/Projects/code/data/images/52.jpeg",
      "sharpness": 15.726648507678776,
      "transform_matrix": [
        [
          -0.685700902006262,
          0.0018596491991673982,
          0.7278810443260351,
          2.4737536110325067
        ],
        [
          0.7263641174980175,
          -0.06282880414155553,
          0.68443240000855,
          2.8058804037913894
        ],
        [
          0.04700469973687148,
          0.9980225864535899,
          0.04173098522243025,
          0.1602608639487426
        ],
        [
          0.0,
          0.0,
          0.0,
          1.0
        ]
      ]
    },
    {
      "file_path": "/home/lijingwen/Projects/code/data/images/53.jpeg",
      "sharpness": 53.653279864177485,
      "transform_matrix": [
        [
          -0.2700925987496497,
          -0.48457416732752706,
          0.8320083319630877,
          4.095131188324307
        ],
        [
          0.961655168594611,
          -0.17851903357230156,
          0.20820732784337298,
          0.9147298549678693
        ],
        [
          0.047637430824961136,
          0.8563403710020208,
          0.514209922281765,
          2.4886684464344975
        ],
        [
          0.0,
          0.0,
          0.0,
          1.0
        ]
      ]
    },
    {
      "file_path": "/home/lijingwen/Projects/code/data/images/54.jpeg",
      "sharpness": 12.921330301991128,
      "transform_matrix": [
        [
          0.075171276868466,
          -0.5327014955984328,
          0.8429581221612745,
          4.119330926977085
        ],
        [
          0.9963676932785404,
          0.006207789914378871,
          -0.08492869441581849,
          -0.4196679504734095
        ],
        [
          0.04000873560553228,
          0.846280438110248,
          0.5312332078698341,
          2.648462983965679
        ],
        [
          0.0,
          0.0,
          0.0,
          1.0
        ]
      ]
    },
    {
      "file_path": "/home/lijingwen/Projects/code/data/images/55.jpeg",
      "sharpness": 14.068975650989405,
      "transform_matrix": [
        [
          -0.5458808842486241,
          0.5737241503578254,
          -0.6106182600484822,
          -3.1828861437576785
        ],
        [
          -0.83777303961318,
          -0.3630833967345218,
          0.407807284281449,
          2.1246048432675617
        ],
        [
          0.012263535717580003,
          0.7341737167107161,
          0.6788509110101995,
          2.5632552273806075
        ],
        [
          0.0,
          0.0,
          0.0,
          1.0
        ]
      ]
    },
    {
      "file_path": "/home/lijingwen/Projects/code/data/images/56.jpeg",
      "sharpness": 14.706913957919134,
      "transform_matrix": [
        [
          0.2713374293632823,
          0.6732182967533653,
          -0.6878612682362102,
          -3.242292617306474
        ],
        [
          -0.9624774913734295,
          0.19247331719386157,
          -0.19128800476740837,
          -0.5031878662618033
        ],
        [
          0.003616355307735703,
          0.7139545833465539,
          0.7001826725142785,
          2.8530534921113277
        ],
        [
          0.0,
          0.0,
          0.0,
          1.0
        ]
      ]
    },
    {
      "file_path": "/home/lijingwen/Projects/code/data/images/57.jpeg",
      "sharpness": 15.779587140913378,
      "transform_matrix": [
        [
          -0.10897445985399994,
          0.6692285503631471,
          -0.7350222544079015,
          -3.3885003530138476
        ],
        [
          -0.9940410632756557,
          -0.0753239101769257,
          0.07879513358994628,
          0.771436423896135
        ],
        [
          -0.002632797240991929,
          0.7392289604249886,
          0.6734490422030304,
          2.7092448893200407
        ],
        [
          0.0,
          0.0,
          0.0,
          1.0
        ]
      ]
    },
    {
      "file_path": "/home/lijingwen/Projects/code/data/images/58.jpeg",
      "sharpness": 23.142592930951395,
      "transform_matrix": [
        [
          0.6061333180456038,
          0.5690959510620174,
          -0.5556367511570394,
          -2.5622980662601114
        ],
        [
          -0.7942183202811948,
          0.39560705364189125,
          -0.46120745748360864,
          -1.8850147493898761
        ],
        [
          -0.04265747863314032,
          0.7208500937023605,
          0.6917770463975095,
          2.859918864011799
        ],
        [
          0.0,
          0.0,
          0.0,
          1.0
        ]
      ]
    },
    {
      "file_path": "/home/lijingwen/Projects/code/data/images/59.jpeg",
      "sharpness": 14.351341403476498,
      "transform_matrix": [
        [
          0.8141241810641973,
          0.40995335400516186,
          -0.4112664165027009,
          -1.8659176047556751
        ],
        [
          -0.57987574708522,
          0.5364333375675838,
          -0.613174846425109,
          -2.9367820760624017
        ],
        [
          -0.030756068449569598,
          0.7376838902155721,
          0.6744453590665783,
          2.8404507328043005
        ],
        [
          0.0,
          0.0,
          0.0,
          1.0
        ]
      ]
    },
    {
      "file_path": "/home/lijingwen/Projects/code/data/images/60.jpeg",
      "sharpness": 12.398394403864984,
      "transform_matrix": [
        [
          0.9988130661885604,
          0.005497442298334266,
          0.04839666244368191,
          0.5127454981888613
        ],
        [
          0.03374064758893305,
          0.6385131190742218,
          -0.7688709680241436,
          -3.939618892616059
        ],
        [
